513,4
4294967294,496
307,4
260,4
260,14
260,13
330,5
290,4
290,6
4294967294,82
3273,74
4294967278,265
4294967278,284
4294967279,129
4294967279,126
4294967279,124
4294967279,100
4294967279,99
4294967279,97
4294967279,96
4294967279,258
4294967278,263
4294967279,311
4294967279,243
3270,15
3270,13
4294967278,449
4294967278,342
4294967278,201
4294967279,201
4294967294,94
4294967278,199
3843,4
4294967279,200
3843,3
3843,2
3843,1
4294967279,198
4294967278,372
4294967278,189
4294967279,164
4294967278,473
4294967279,2
4294967279,160
4294967278,312
4294967278,151
4294967278,150
3842,4
3842,3
3842,2
3842,1
4294967279,526
4294967278,147
4294967279,537
4294967279,247
4294967279,270
4294967278,377
4294967278,351
4294967279,304
4294967278,241
3841,4
3841,3
3841,2
3841,1
4294967279,241
4294967278,283
4294967278,208
4294967278,382
4294967278,200
4294967279,199
342,10
342,9
342,1
342,2
4294967279,197
4294967294,1431
4294967278,471
4294967279,195
3270,14
4294967279,186
3840,4
4294967278,184
3840,3
3840,2
3840,1
4294967279,185
4294967278,278
4294967278,453
4294967278,48
4294967278,47
4294967278,45
4294967278,43
4294967278,42
4294967278,41
4294967278,38
4294967278,37
4294967278,35
4294967278,29
4294967278,27
4294967278,25
4294967278,24
4294967278,22
4294967278,14
4294967278,12
4294967278,11
4294967278,10
4294967278,9
4294967278,8
4294967278,7
4294967278,6
4294967278,5
4294967278,4
4294967278,40
4294967279,433
4294967278,39
4294967279,147
4294967278,34
4294967279,146
4294967278,145
4294967278,32
4294967278,139
4294967278,276
4294967278,26
3839,4
3839,3
3839,2
3839,1
4294967278,136
4294967278,23
4294967278,20
4294967278,21
4294967278,19
4294967278,17
4294967278,378
4294967279,432
4294967278,16
4294967278,498
4294967278,269
4294967278,234
4294967278,222
3838,4
3838,3
3838,2
3838,1
4294967279,523
4294967278,213
4294967279,431
4294967279,429
4294967278,371
4294967278,170
4294967278,168
3837,4
4294967279,169
3837,3
3837,2
3837,1
346,5
4294967278,36
4294967278,33
4294967278,31
4294967278,18
4294967278,15
4294967278,13
4294967278,159
345,4
4294967279,269
4294967279,314
4294967278,465
4294967294,1502
3836,4
3836,3
3836,2
3836,1
4294967278,261
4294967279,257
4294967279,543
4294967279,132
4294967278,217
4294967279,427
4294967278,216
4294967279,279
4294967279,542
4294967278,205
3835,4
4294967278,204
3835,3
3835,2
3835,1
4294967279,426
4294967294,1451
4294967279,166
4294967279,165
4294967278,163
4294967278,154
3834,4
4294967279,154
3834,3
3834,2
3834,1
4294967279,444
4294967278,357
4294967278,257
4294967278,324
4294967279,540
4294967278,452
4294967278,370
4294967278,46
4294967279,256
4294967279,88
4294967278,223
4294967278,254
3833,4
4294967278,253
3833,3
3833,2
3833,1
503,7
503,6
4294967278,242
4294967278,224
4294967278,218
4294967278,214
4294967278,212
4294967278,211
4294967279,424
4294967278,256
4294967279,423
3832,4
3832,3
3832,2
3832,1
4294967278,190
4294967278,456
4294967278,510
3280,2
4294967278,508
4294967278,177
4294967279,176
4294967279,422
4294967279,430
4294967278,462
4294967279,162
3831,4
3831,3
3831,2
3831,1
4294967279,518
4294967278,460
4294967279,421
4294967278,44
4294967278,152
4294967279,152
4294967279,151
4294967279,150
4294967278,30
4294967278,28
3273,73
3273,72
3270,18
3273,71
3273,70
3273,69
3273,68
3273,66
3273,40
3273,37
3273,34
4294967278,507
4294967279,319
4294967279,223
4294967278,307
4294967278,305
4294967279,545
4294967278,248
4294967278,246
3830,4
3830,3
3830,2
3830,1
4294967278,244
4294967279,296
4294967278,240
503,13
503,11
4294967279,418
4294967278,220
4294967279,416
4294967279,415
4294967278,183
4294967279,180
3829,4
3829,3
3829,2
3829,1
4294967278,334
4294967279,175
4294967279,414
3300,2
4294967278,506
4294967279,413
4294967279,148
4294967279,141
4294967278,505
4294967279,133
4294967278,62
4294967278,61
4294967278,60
4294967278,59
4294967278,58
4294967278,57
4294967278,56
4294967278,55
4294967278,54
4294967278,53
4294967278,52
4294967278,51
4294967278,50
4294967278,49
4294967279,84
4294967279,83
4294967279,82
4294967279,80
4294967279,78
4294967279,75
4294967279,72
4294967279,70
4294967279,68
4294967279,67
4294967279,66
4294967279,63
4294967279,61
4294967279,59
4294967279,56
4294967279,54
4294967279,53
4294967279,52
4294967279,51
4294967279,50
4294967279,49
4294967279,45
4294967279,43
4294967279,42
4294967279,40
4294967279,38
4294967279,36
4294967279,35
4294967279,30
4294967279,29
4294967279,27
4294967279,25
4294967279,24
4294967279,23
4294967279,22
4294967279,21
4294967279,13
4294967279,9
4294967278,227
4294967279,265
4294967279,264
3828,4
3828,3
3828,2
3828,1
4294967279,262
4294967278,503
4294967279,233
4294967279,239
4294967278,502
4294967278,304
4294967278,303
332,5
4294967278,225
4294967278,383
4294967278,207
4294967278,206
4294967278,367
4294967278,195
3827,4
3827,3
3827,2
3827,1
4294967278,193
4294967279,411
4294967278,464
4294967279,521
504,2
504,5
4294967279,530
4294967278,335
4294967279,12
4294967279,10
415,2
533,4
3300,5
311,4
4294967278,511
416,2
416,5
416,4
449,6
3299,2
415,4
415,5
4294967279,546
4294967294,1043
4294967294,185
4294967294,163
3826,4
4294967279,137
3826,3
3826,2
3826,1
4294967279,79
4294967279,76
4294967279,74
4294967279,19
4294967279,135
4294967279,536
4294967278,468
3298,2
504,1
503,9
328,4
3297,2
3300,4
4294967278,461
4294967279,528
4294967279,259
4294967279,255
3299,4
4294967278,309
3297,9
3297,8
3297,7
3289,5
3289,4
4294967278,301
4294967278,250
449,1
4294967279,550
286,7
286,6
3301,4
503,14
4294967278,232
342,11
342,4
4294967279,538
4294967278,228
3825,4
3825,3
3825,2
3825,1
4294967278,226
504,4
503,0
503,5
4294967279,535
503,4
328,5
328,1
411,4
259,4
257,4
254,4
257,5
256,4
455,5
458,4
461,6
244,4
254,5
326,4
452,4
451,4
455,4
455,1
3283,4
3294,5
3294,4
4294967294,1492
4294967294,476
3288,5
3288,4
3281,4
4294967294,478
454,4
314,6
299,5
334,4
332,4
333,4
360,4
352,5
331,17
331,12
331,11
331,5
333,7
360,5
331,18
331,16
331,15
331,14
331,13
331,10
331,9
331,4
341,6
331,8
331,7
331,6
318,4
318,5
447,4
447,6
300,4
315,4
286,5
446,4
352,4
316,4
314,4
341,4
340,4
286,10
286,9
289,4
286,8
286,4
419,5
417,4
417,5
418,4
419,4
518,4
521,4
519,4
517,8
517,7
517,6
517,5
517,4
515,4
275,5
4294967294,493
242,4
242,5
4294967278,132
4294967278,131
4294967278,130
4294967278,129
4294967278,128
4294967278,127
4294967278,126
4294967278,125
4294967278,124
4294967278,123
4294967278,122
4294967278,121
4294967278,120
4294967278,119
4294967278,118
4294967278,117
4294967278,116
4294967278,115
4294967278,114
4294967278,113
4294967278,112
4294967278,111
4294967278,110
4294967278,109
4294967278,108
4294967278,107
4294967278,106
4294967278,105
4294967278,104
4294967278,103
4294967278,102
4294967278,101
4294967278,100
4294967278,99
4294967278,98
4294967278,97
4294967278,96
4294967278,95
4294967278,94
4294967278,93
4294967278,92
4294967278,91
4294967278,89
4294967278,86
4294967278,85
4294967278,84
4294967278,83
4294967278,82
4294967278,81
4294967278,80
4294967278,79
4294967278,78
4294967278,77
4294967278,75
4294967278,74
4294967278,72
4294967278,70
4294967278,69
4294967278,68
4294967278,67
4294967278,66
4294967278,65
4294967278,64
